19,85
19,84
19,83
19,82
19,81
19,80
19,79
19,78
19,77
19,76
19,75
19,74
19,73
18,8
19,72
19,71
19,70
19,69
19,68
19,67
19,66
19,65
19,64
19,36
19,35
19,34
19,33
19,32
19,31
19,30
19,29
19,28
19,23
19,22
19,21
19,20
19,19
19,18
19,17
19,16
19,15
14,5
10,4
16,4
15,6
14,4
10,3
16,3
14,3
9,2
19,14
19,13
8,5
19,12
18,7
18,6
18,0
19,11
18,2
15,4
15,5
15,3
8,4
8,3
7,3
5,3
0,6
0,47
0,46
0,49
0,48
0,45
20,3
20,2
20,1
19,10
19,9
19,8
19,7
19,6
19,5
19,4
19,3
19,2
19,0
18,5
18,4
18,3
17,144
17,143
17,142
17,141
17,140
17,139
17,138
17,137
17,136
17,135
17,134
17,133
17,132
17,131
17,130
17,129
17,128
17,127
17,126
17,125
17,124
17,123
17,122
17,121
17,120
17,119
17,118
17,117
17,116
17,115
17,114
17,113
17,112
17,111
17,110
17,109
17,108
17,107
17,106
17,105
17,104
17,103
17,102
17,101
17,100
17,99
17,98
17,97
17,96
17,95
17,94
17,93
17,92
17,91
17,90
17,89
17,88
17,87
17,86
17,85
17,84
17,83
17,82
17,81
17,80
17,79
17,78
17,77
17,76
17,75
17,74
17,73
17,72
17,71
17,70
17,69
17,68
17,67
17,66
17,65
17,64
17,12
17,5
17,4
17,3
17,2
17,0
13,4
13,3
12,5
12,4
12,3
11,5
11,4
11,3
9,5
9,4
9,3
5,5
5,4
4,3
3,44
3,43
3,42
3,41
3,40
3,39
3,38
3,37
3,36
3,35
3,34
3,33
3,32
3,31
3,30
3,29
3,28
3,27
3,26
3,25
3,24
3,23
3,22
3,21
3,20
3,19
3,18
3,17
3,16
3,15
3,14
3,13
3,12
3,11
3,10
3,9
3,8
3,7
3,6
3,5
3,4
3,3
3,2
3,0
2,44
2,43
2,42
2,41
2,40
2,39
2,38
2,37
2,36
2,35
2,34
2,33
2,32
2,31
2,30
2,29
2,28
2,27
2,26
2,25
2,24
2,23
2,22
2,21
2,20
2,19
2,18
2,17
2,16
2,15
2,14
2,13
2,12
2,11
2,10
2,9
2,8
2,7
2,6
2,5
2,4
2,3
2,2
2,0
1,45
1,44
1,43
1,42
1,41
1,40
1,39
1,38
1,37
1,36
1,35
1,34
1,33
1,32
1,31
1,30
1,29
1,28
1,27
1,26
1,25
1,24
1,23
1,22
1,21
1,20
1,19
1,18
1,17
1,16
1,15
1,14
1,13
1,12
1,11
1,10
1,9
1,8
1,7
1,6
1,5
1,4
1,3
1,2
1,0
0,12
0,11
0,10
0,9
0,8
0,5
0,7
0,4
0,3
20,0
